11,109
11,108
11,107
11,106
11,105
11,104
11,103
11,102
11,101
11,100
11,99
11,98
11,97
11,96
11,95
11,94
11,93
11,92
11,91
11,90
11,89
11,88
11,87
11,86
11,85
11,84
11,83
11,82
11,81
11,80
11,79
11,78
11,77
11,76
11,75
11,74
11,73
11,72
11,71
11,70
11,69
11,68
11,67
11,66
11,65
11,64
11,38
11,37
11,36
11,35
11,34
11,33
11,32
11,31
11,30
11,29
11,28
11,27
11,26
11,25
11,24
11,23
11,22
11,21
11,20
11,19
11,18
11,17
11,16
11,15
11,14
4294967279,364
4294967278,554
4294967279,363
4294967278,553
4294967278,552
4294967279,362
4294967279,361
4294967278,551
4294967279,360
4294967279,359
4294967278,550
4294967279,358
4294967279,357
4294967278,549
4294967279,356
4294967278,548
4294967278,547
4294967278,546
4294967279,355
4294967278,545
4294967279,354
4294967278,544
11,13
11,12
11,11
11,10
4294967279,353
4294967278,543
4294967279,352
11,9
4294967279,351
4294967279,350
11,8
4294967278,542
4294967279,349
4294967279,348
4294967279,347
4294967279,346
4294967278,541
4294967278,540
4294967279,345
4294967278,539
4294967278,538
4294967278,537
4294967279,344
4294967278,536
4294967279,343
11,7
4294967278,535
4294967279,342
4294967278,534
4294967278,533
4294967279,341
4294967278,532
4294967279,340
4294967278,531
4294967279,339
4294967278,530
4294967279,338
4294967278,529
4294967279,337
4294967278,528
4294967279,336
4294967278,527
4294967278,526
4294967279,335
4294967279,334
4294967279,333
4294967278,525
4294967278,524
4294967279,332
4294967278,523
4294967279,331
4294967278,522
4294967279,330
4294967278,521
4294967279,329
4294967278,520
4294967279,328
4294967278,519
4294967279,327
4294967278,518
4294967279,326
4294967278,517
4294967279,325
4294967278,516
4294967279,324
4294967278,515
4294967279,323
4294967278,514
4294967279,322
4294967278,513
4294967279,321
4294967278,512
4294967279,320
4294967278,319
4294967279,319
4294967278,318
4294967279,318
4294967278,317
4294967279,317
4294967278,316
4294967279,316
4294967278,315
4294967279,315
4294967278,314
4294967279,314
4294967278,313
4294967279,313
4294967278,312
4294967279,312
4294967278,311
4294967279,311
4294967278,310
4294967279,310
4294967278,309
4294967279,309
4294967278,308
4294967279,308
4294967278,307
4294967279,307
4294967278,306
4294967279,306
4294967278,305
4294967279,305
4294967278,304
4294967279,304
4294967278,303
4294967279,303
4294967278,302
4294967279,302
4294967278,301
4294967279,301
4294967278,300
4294967279,300
4294967278,299
4294967279,299
4294967279,298
4294967279,297
4294967278,298
4294967279,296
4294967278,297
4294967279,295
4294967278,296
4294967279,294
4294967278,295
4294967279,293
4294967278,294
4294967294,1361
4294967294,1360
13,8
13,7
13,6
13,5
13,4
13,3
13,2
13,1
4294967278,293
4294967294,1359
4294967294,925
4294967294,473
12,6
12,5
12,4
12,3
12,2
12,1
4294967278,292
11,6
11,5
11,4
11,3
11,2
11,1
4294967278,291
10,5
10,4
10,3
10,2
10,1
4294967279,292
9,9
9,8
9,7
9,6
9,5
9,4
9,3
9,2
9,1
4294967278,290
4294967294,973
8,6
8,5
8,4
8,3
8,2
8,1
4294967278,289
4294967294,1358
7,5
7,4
7,3
7,2
7,1
4294967279,291
4294967294,187
6,6
6,5
6,4
6,3
6,2
6,1
5,6
5,5
5,4
5,3
5,2
5,1
4294967294,1357
4294967279,283
4294967278,288
4,6
4,5
4,4
4,3
4,2
4,1
4294967294,1356
4294967278,287
3,6
3,5
3,4
3,3
3,2
3,1
4294967294,430
4294967278,286
2,7
2,6
2,5
2,4
4294967278,285
2,3
2,2
2,1
4294967294,460
4294967294,1355
4294967294,1354
4294967278,284
4294967278,283
4294967279,282
4294967278,282
4294967293,131
4294967293,130
4294967293,129
4294967293,128
4294967293,127
4294967293,126
4294967293,125
4294967293,124
4294967293,123
4294967293,122
4294967293,121
4294967293,120
4294967293,119
4294967293,118
4294967293,117
4294967293,116
4294967293,115
4294967293,114
4294967293,113
4294967293,112
4294967293,111
4294967293,110
4294967293,109
4294967293,108
4294967293,107
4294967293,106
4294967293,105
4294967293,104
4294967293,103
4294967293,102
4294967293,101
4294967293,100
4294967293,99
4294967293,98
4294967293,97
4294967293,96
4294967293,95
4294967293,94
4294967293,93
4294967293,92
4294967293,91
4294967293,90
4294967293,89
4294967293,88
4294967293,87
4294967293,86
4294967293,85
